2.359825884923338890e-03,
-1.101397257298231125e-02,
1.429788302630186081e-02,
6.550203077495098114e-03,
-2.184626879170536995e-03,
1.616230001673102379e-03,
-4.862507805228233337e-03,
2.172089740633964539e-02,
6.130350288003683090e-03,
2.063353359699249268e-02,
6.464412901550531387e-03,
1.848183572292327881e-02,
6.576720043085515499e-04,
-2.676358912140130997e-03,
-2.821631787810474634e-04,
9.050603955984115601e-03,
5.177724175155162811e-03,
-2.301907539367675781e-02,
1.536346506327390671e-02,
3.302558790892362595e-03,
1.089052204042673111e-02,
-2.790156053379178047e-03,
-9.957228787243366241e-03,
-9.948597289621829987e-03,
-1.648051547817885876e-03,
3.441302850842475891e-02,
-5.906654987484216690e-04,
-2.380227856338024139e-02,
-2.778484672307968140e-02,
-1.464976230636239052e-03,
1.474402844905853271e-02,
-2.007691003382205963e-02,
-2.336837351322174072e-03,
-1.642549969255924225e-02,
-1.208744384348392487e-02,
-2.904425375163555145e-03,
3.513427078723907471e-02,
-1.060580089688301086e-02,
-1.365573517978191376e-02,
1.050086971372365952e-02,
-5.866839084774255753e-03,
7.083527278155088425e-03,
-9.295644238591194153e-03,
-2.453054487705230713e-02,
6.737081333994865417e-03,
-2.616388536989688873e-02,
1.327229570597410202e-02,
2.993814647197723389e-03,
2.624300681054592133e-02,
7.247627712786197662e-03,
2.192166075110435486e-02,
1.355552114546298981e-02,
4.519633948802947998e-03,
1.741307787597179413e-02,
-1.530597219243645668e-03,
9.549315087497234344e-03,
3.120196051895618439e-02,
-7.161800749599933624e-04,
-3.338114358484745026e-03,
1.062970422208309174e-02,
2.198106050491333008e-02,
-9.119807509705424309e-05,
5.083570722490549088e-03,
-1.924001425504684448e-02,
