7.539303898811340332e-01,
7.883329391479492188e-01,
7.976557612419128418e-01,
7.555217742919921875e-01,
7.440803050994873047e-01,
7.497401237487792969e-01,
7.487292289733886719e-01,
8.519168496131896973e-01,
7.718279361724853516e-01,
8.353695273399353027e-01,
7.453181743621826172e-01,
7.924335598945617676e-01,
7.489268183708190918e-01,
7.445360422134399414e-01,
7.484916448593139648e-01,
7.483786344528198242e-01,
7.491013407707214355e-01,
8.691768050193786621e-01,
8.493744730949401855e-01,
7.473222613334655762e-01,
7.626584768295288086e-01,
7.508665323257446289e-01,
7.737597823143005371e-01,
7.840818762779235840e-01,
7.436169385910034180e-01,
9.814568758010864258e-01,
7.550024390220642090e-01,
9.143007397651672363e-01,
9.287652969360351562e-01,
7.483469247817993164e-01,
7.876757979393005371e-01,
8.375525474548339844e-01,
7.489210963249206543e-01,
7.985970377922058105e-01,
7.638677954673767090e-01,
7.603101730346679688e-01,
1.008755445480346680e+00,
7.758601307868957520e-01,
7.905492782592773438e-01,
7.600648999214172363e-01,
7.460314035415649414e-01,
7.651810646057128906e-01,
7.614906430244445801e-01,
8.719362616539001465e-01,
7.683611512184143066e-01,
8.806019425392150879e-01,
7.755231857299804688e-01,
7.489572167396545410e-01,
9.241048693656921387e-01,
7.634389996528625488e-01,
8.799203038215637207e-01,
7.943386435508728027e-01,
7.485952377319335938e-01,
7.946848273277282715e-01,
7.466658353805541992e-01,
7.661737799644470215e-01,
9.790087342262268066e-01,
7.502847909927368164e-01,
7.480937838554382324e-01,
7.691358327865600586e-01,
8.312928676605224609e-01,
7.456178665161132812e-01,
7.465859651565551758e-01,
8.632444143295288086e-01,
