5.831712624058127403e-04,
-2.387232234468683600e-05,
-5.213998974795686081e-06,
-2.813546743709594011e-04,
1.546125713502988219e-04,
-2.103873994201421738e-04,
1.450152631150558591e-04,
-1.982204048545099795e-05,
-8.126947795972228050e-05,
-3.611949796322733164e-05,
1.448017719667404890e-04,
1.601383883098606020e-05,
1.129426236730068922e-04,
-9.338314703200012445e-05,
-3.200825303792953491e-04,
3.319620736874639988e-04,
1.805454521672800183e-04,
2.256414518342353404e-05,
-5.585119288298301399e-05,
-1.917275512823835015e-04,
4.330227238824591041e-05,
-1.501014958193991333e-05,
-1.401616027578711510e-04,
-1.571418943058233708e-05,
2.695232979021966457e-04,
-6.751456385245546699e-05,
-1.190275797853246331e-04,
2.776487417577300221e-05,
-3.177006510668434203e-05,
5.954383595963008702e-05,
-1.326784695265814662e-04,
-1.877343893283978105e-04,
3.617341280914843082e-04,
-8.183019963325932622e-05,
-6.002739610266871750e-06,
-8.712272392585873604e-05,
-2.497049990779487416e-06,
2.719927579164505005e-04,
-7.662003190489485860e-05,
-1.522950187791138887e-04,
2.148288040189072490e-04,
8.090604387689381838e-05,
-4.825530049856752157e-05,
-1.104971961467526853e-04,
4.644261935027316213e-05,
8.751947461860254407e-05,
9.309615415986627340e-05,
-5.986950709484517574e-04,
-1.033852386171929538e-04,
2.723342913668602705e-04,
-1.031563515425659716e-04,
3.414223319850862026e-04,
-3.573978610802441835e-04,
-7.688710184083902277e-07,
2.123916783602908254e-04,
-7.788596849422901869e-05,
2.277197745570447296e-05,
1.536625350126996636e-04,
3.919239097740501165e-04,
-5.820587102789431810e-05,
-9.278785000788047910e-05,
-1.014688095892779529e-04,
1.023222284857183695e-04,
-3.333615495648700744e-06,
