-5.135597530170343816e-05,
3.702538742800243199e-05,
-5.521344519365811720e-06,
2.329777089471463114e-05,
4.077079938724637032e-05,
5.107143442728556693e-05,
-1.232275826623663306e-05,
-8.153586531989276409e-05,
1.301269512623548508e-04,
-5.114997838973067701e-05,
1.375542633468285203e-04,
1.799850360839627683e-05,
1.495883334428071976e-04,
-1.192883701151004061e-05,
-2.348743510083295405e-05,
1.757340942276641726e-04,
1.096233972930349410e-04,
7.267199544003233314e-05,
-1.805601823434699327e-05,
1.196504854306112975e-05,
5.842682185175362974e-06,
8.503958815708756447e-05,
7.520300277974456549e-05,
-3.645538754426524974e-06,
3.137636667815968394e-05,
7.091046427376568317e-06,
1.898155642265919596e-05,
5.280683399178087711e-05,
-4.066196561325341463e-05,
-1.021435818984173238e-04,
7.457224273821339011e-05,
-3.722722794918809086e-06,
-1.155862410087138414e-04,
-5.442365727503784001e-05,
-2.572195626271422952e-06,
-2.037803142229677178e-06,
9.065273479791358113e-05,
-1.298088318435475230e-05,
6.230809958651661873e-05,
6.556314474437385798e-06,
1.402075140504166484e-04,
-9.923058314598165452e-06,
8.167577470885589719e-05,
2.031055009865667671e-05,
-1.817499833123292774e-05,
-5.759096166002564132e-05,
-4.303808236727491021e-05,
5.831510861753486097e-05,
