-4.020184278488159180e-03,
-1.598658971488475800e-02,
5.046593956649303436e-03,
1.032442087307572365e-03,
1.291909720748662949e-02,
-2.649089088663458824e-03,
-1.394599908962845802e-03,
-6.756487302482128143e-03,
5.499207763932645321e-04,
-9.056683629751205444e-03,
1.141203939914703369e-02,
-5.321105010807514191e-03,
-3.505127038806676865e-03,
-9.043755009770393372e-03,
2.683422528207302094e-03,
8.484813384711742401e-03,
9.449079632759094238e-03,
1.137218531221151352e-02,
-8.840131573379039764e-03,
1.390367746353149414e-03,
5.709963850677013397e-03,
-7.859745994210243225e-03,
1.575301284901797771e-03,
3.669395577162504196e-03,
1.116503495723009109e-02,
-4.538359120488166809e-03,
8.063363842666149139e-03,
1.318637840449810028e-02,
9.794854122446849942e-05,
-1.789829134941101074e-02,
-2.577107225079089403e-04,
-4.126099520362913609e-04,
-1.814844831824302673e-02,
-9.782060049474239349e-03,
-2.881697844713926315e-03,
1.496845856308937073e-02,
-1.765429601073265076e-02,
4.442082718014717102e-03,
5.707208067178726196e-03,
5.670571234077215195e-03,
1.189083606004714966e-02,
1.683514099568128586e-03,
1.395456865429878235e-02,
1.522197853773832321e-02,
-6.869391538202762604e-03,
-1.059631444513797760e-02,
-4.602555651217699051e-03,
-7.439100183546543121e-03,
-4.793540283571928740e-04,
-9.405178017914295197e-03,
9.344402351416647434e-04,
-3.179300983902066946e-04,
1.764344982802867889e-02,
8.735252544283866882e-03,
-1.499396935105323792e-02,
-1.174738258123397827e-02,
5.647067446261644363e-03,
-1.027691643685102463e-02,
1.364614348858594894e-03,
8.559423498809337616e-03,
1.003446150571107864e-02,
7.219949737191200256e-03,
-1.382953673601150513e-02,
-1.199269900098443031e-03,
2.040666993707418442e-03,
1.779862307012081146e-02,
-1.379882683977484703e-03,
-1.407671440392732620e-02,
-7.679756730794906616e-03,
-7.629508618265390396e-03,
-9.201831184327602386e-03,
-7.335982285439968109e-03,
2.240232424810528755e-03,
3.707798896357417107e-03,
-5.592225119471549988e-03,
-5.376649554818868637e-03,
-4.270836245268583298e-03,
2.539599314332008362e-03,
-3.900157054886221886e-03,
-1.333850249648094177e-02,
1.199734024703502655e-02,
1.787608140148222446e-03,
1.177390851080417633e-02,
3.627252299338579178e-03,
-1.684853807091712952e-02,
1.333940587937831879e-02,
1.051129680126905441e-02,
-2.269901800900697708e-03,
-1.135077048093080521e-02,
-7.602546364068984985e-03,
2.850651042535901070e-03,
-6.146756350062787533e-04,
2.027409896254539490e-02,
8.812223561108112335e-03,
-7.523363456130027771e-03,
5.264203064143657684e-04,
7.523025851696729660e-04,
-1.166294794529676437e-02,
5.541521590203046799e-03,
1.508117420598864555e-03,
4.228353966027498245e-03,
2.757594629656523466e-04,
1.020027697086334229e-02,
1.146806031465530396e-02,
-1.041465089656412601e-03,
-9.424707852303981781e-03,
-5.205674824537709355e-05,
-2.679835772141814232e-03,
3.960725385695695877e-03,
-2.090264111757278442e-03,
4.886667011305689812e-04,
-2.228418597951531410e-03,
-2.144279517233371735e-02,
1.427131937816739082e-03,
1.419339049607515335e-02,
-1.118371449410915375e-02,
-2.001453377306461334e-02,
1.522279251366853714e-02,
-1.641476526856422424e-02,
-2.232839586213231087e-03,
1.076170825399458408e-03,
-9.868621826171875000e-03,
-8.192730136215686798e-03,
1.118093170225620270e-02,
4.233203362673521042e-03,
4.288521129637956619e-03,
-1.582400873303413391e-02,
1.049421820789575577e-02,
8.765147067606449127e-04,
-1.816289871931076050e-02,
3.993901889771223068e-03,
6.989118643105030060e-03,
1.879481226205825806e-02,
5.675625521689653397e-03,
-9.892963804304599762e-03,
5.412007216364145279e-03,
-1.582103036344051361e-02,
3.081249305978417397e-04,
-4.647098015993833542e-03,
-4.002210218459367752e-03,
-9.236448444426059723e-03,
-7.987347431480884552e-03,
-4.666909575462341309e-03,
-6.388585898093879223e-04,
-9.001241996884346008e-03,
-3.868771716952323914e-03,
-7.137647364288568497e-03,
-2.198200672864913940e-03,
1.264603110030293465e-03,
-6.121057085692882538e-03,
-2.891161944717168808e-03,
1.374738104641437531e-02,
-1.179561484605073929e-02,
-2.524690062273293734e-04,
-3.726777504198253155e-04,
2.171540074050426483e-02,
9.518327191472053528e-03,
-6.370872724801301956e-03,
-3.111862344667315483e-03,
-5.363891366869211197e-03,
9.568100795149803162e-03,
-1.416905596852302551e-02,
-6.860891357064247131e-03,
6.926853675395250320e-03,
-7.287560030817985535e-03,
-1.118261460214853287e-02,
3.162824315950274467e-03,
-1.421100273728370667e-02,
5.040208343416452408e-03,
2.857819432392716408e-03,
-3.707694122567772865e-04,
-2.220428548753261566e-03,
1.230186317116022110e-03,
-1.893776655197143555e-02,
-8.346321992576122284e-03,
1.691950857639312744e-02,
-1.121198013424873352e-02,
2.071164781227707863e-03,
-1.861840113997459412e-02,
1.928413839777931571e-04,
-7.071338593959808350e-03,
1.515062805265188217e-02,
-1.366243418306112289e-02,
-2.042720792815089226e-03,
1.572759635746479034e-02,
6.223255768418312073e-03,
-3.491071052849292755e-03,
6.332908291369676590e-03,
6.863498128950595856e-03,
6.130484864115715027e-03,
1.033770677167922258e-04,
2.450587635394185781e-04,
-1.113944919779896736e-03,
1.363637857139110565e-03,
3.700640052556991577e-03,
1.474887970834970474e-02,
-6.889402866363525391e-03,
-4.127725027501583099e-03,
-2.605436835438013077e-03,
1.275004260241985321e-02,
4.431285429745912552e-03,
4.707725252956151962e-03,
6.678710691630840302e-03,
9.205098263919353485e-03,
-5.289906170219182968e-03,
-1.944054290652275085e-02,
-9.237557533197104931e-04,
3.288232488557696342e-03,
7.393031264655292034e-04,
-1.180895790457725525e-02,
2.057395322481170297e-04,
-8.102331310510635376e-03,
-1.389697846025228500e-02,
-7.765423506498336792e-03,
2.593146637082099915e-03,
1.459933002479374409e-03,
8.776145987212657928e-03,
-1.022091880440711975e-02,
3.707255018525756896e-06,
4.218456801027059555e-03,
-1.349741965532302856e-02,
-1.406162884086370468e-02,
-1.686341856839135289e-04,
1.778310397639870644e-03,
-2.097328891977667809e-03,
-1.419957540929317474e-02,
-3.565177787095308304e-03,
3.887427272275090218e-03,
1.509068999439477921e-03,
-8.475299924612045288e-03,
7.702519651502370834e-03,
7.344980258494615555e-03,
3.056468442082405090e-03,
-2.440162235870957375e-03,
-7.346515543758869171e-03,
-4.492411855608224869e-03,
1.430463977158069611e-02,
-4.564993083477020264e-03,
-1.045628264546394348e-02,
-1.108760200440883636e-02,
7.515957579016685486e-03,
1.444195862859487534e-02,
-7.096488843671977520e-04,
1.568474806845188141e-02,
-6.416022311896085739e-03,
-1.398554258048534393e-02,
-6.792317610234022141e-03,
-6.819880567491054535e-03,
1.362997340038418770e-03,
-1.407844945788383484e-02,
-7.933184504508972168e-03,
-8.506689220666885376e-03,
1.631057634949684143e-02,
-2.867965959012508392e-03,
-1.281845569610595703e-02,
5.825535394251346588e-03,
2.797321649268269539e-03,
-1.946114189922809601e-02,
-6.374561693519353867e-03,
5.573565140366554260e-03,
1.023742021061480045e-03,
-5.149285309016704559e-03,
8.904083631932735443e-03,
-4.659180995076894760e-03,
-1.361823733896017075e-02,
1.626104116439819336e-02,
-1.024698838591575623e-02,
1.439277827739715576e-02,
2.606988884508609772e-03,
9.463024325668811798e-03,
6.876109633594751358e-03,
5.017688090447336435e-05,
-4.049377050250768661e-03,
-1.318113878369331360e-02,
-8.594384416937828064e-03,
7.700127549469470978e-03,
3.497526515275239944e-03,
8.919346146285533905e-03,
-3.601422766223549843e-03,
-1.858953619375824928e-04,
2.678987570106983185e-03,
9.014467359520494938e-04,
1.308615878224372864e-02,
-8.186274208128452301e-03,
-1.929212361574172974e-02,
-1.458388473838567734e-02,
1.588125946000218391e-03,
2.057696925476193428e-03,
-1.317129470407962799e-02,
-1.003823801875114441e-02,
-3.976280335336923599e-03,
7.868776097893714905e-03,
-1.609626691788434982e-03,
-1.066426560282707214e-02,
-1.105420012027025223e-02,
4.411611706018447876e-03,
7.904515601694583893e-03,
-1.349908299744129181e-02,
8.958090096712112427e-03,
-5.359061993658542633e-03,
-4.354107193648815155e-03,
-6.159404292702674866e-04,
5.326232872903347015e-03,
8.680811151862144470e-04,
-4.982643295079469681e-03,
-1.048487331718206406e-02,
7.135772146284580231e-03,
9.494294645264744759e-04,
-5.816183984279632568e-03,
-1.961218426004052162e-03,
-1.281941868364810944e-02,
3.026772756129503250e-03,
5.314071197062730789e-03,
8.997269906103610992e-03,
3.918014001101255417e-03,
-9.646135731600224972e-04,
-1.089004985988140106e-02,
1.334666856564581394e-03,
1.197858341038227081e-02,
2.893753349781036377e-03,
1.187800522893667221e-02,
4.865849390625953674e-03,
-3.051817184314131737e-03,
-3.372562117874622345e-03,
4.365942440927028656e-03,
1.009143423289060593e-03,
2.744184341281652451e-03,
-6.693255621939897537e-03,
2.445402787998318672e-03,
9.925591759383678436e-03,
2.281091921031475067e-02,
-7.605188293382525444e-04,
8.850076235830783844e-03,
7.061668671667575836e-03,
1.001055072993040085e-02,
-8.257123990915715694e-04,
-6.660985760390758514e-03,
1.664883643388748169e-02,
1.308052055537700653e-02,
-1.138631720095872879e-02,
-3.652920015156269073e-03,
3.115560393780469894e-03,
1.826737262308597565e-02,
-4.765897989273071289e-03,
-1.237085741013288498e-02,
8.901665918529033661e-03,
-4.134080372750759125e-03,
-7.779140025377273560e-03,
-2.811308950185775757e-03,
2.432454377412796021e-03,
5.658232141286134720e-03,
-8.765643462538719177e-03,
-1.106298808008432388e-02,
8.043156936764717102e-03,
-9.249107912182807922e-03,
-6.607636343687772751e-03,
5.628959275782108307e-03,
5.000056698918342590e-03,
-2.151805907487869263e-03,
7.838542573153972626e-03,
5.043718498200178146e-03,
1.535891089588403702e-02,
-7.843211293220520020e-03,
-7.131290622055530548e-03,
-7.063545752316713333e-03,
1.958853797987103462e-03,
-1.464252453297376633e-02,
-1.020857505500316620e-02,
-1.168991532176733017e-02,
-2.579192165285348892e-03,
-5.935126915574073792e-03,
-3.797926008701324463e-03,
8.375675417482852936e-03,
9.851925075054168701e-03,
-9.725959971547126770e-03,
-8.598566986620426178e-03,
-1.061982847750186920e-02,
-8.727043314138427377e-05,
6.029075942933559418e-03,
-1.630704104900360107e-02,
1.312260702252388000e-02,
7.598375901579856873e-03,
-6.021016160957515240e-04,
1.406732853502035141e-02,
-8.393828757107257843e-03,
-8.315678685903549194e-03,
1.252464950084686279e-03,
1.370103564113378525e-03,
-1.804278232157230377e-02,
-1.094013825058937073e-02,
2.047774009406566620e-02,
-1.884642260847613215e-04,
-1.895246841013431549e-02,
6.580527871847152710e-03,
-1.998240593820810318e-03,
7.210090756416320801e-03,
6.245837546885013580e-03,
-3.492762101814150810e-03,
1.606782199814915657e-03,
5.767177324742078781e-03,
-1.153873931616544724e-02,
6.889863871037960052e-03,
-4.641772247850894928e-03,
-4.044920206069946289e-03,
-4.178394563496112823e-03,
6.333793047815561295e-03,
-2.126608509570360184e-03,
-9.829172864556312561e-03,
8.816420100629329681e-03,
-3.944082185626029968e-03,
1.381659181788563728e-03,
-1.098188851028680801e-02,
4.279172979295253754e-03,
-1.944487169384956360e-02,
8.956258185207843781e-03,
9.148920886218547821e-03,
-3.637019777670502663e-03,
-4.019290208816528320e-03,
-1.600959897041320801e-02,
5.669083446264266968e-03,
2.233055885881185532e-03,
7.121680770069360733e-03,
-4.867841955274343491e-03,
-7.189132273197174072e-03,
-1.035829354077577591e-02,
7.465226575732231140e-03,
-1.226317230612039566e-02,
-1.569707877933979034e-02,
7.067399099469184875e-03,
-9.546663612127304077e-03,
-6.072918418794870377e-03,
8.133261464536190033e-03,
1.480102189816534519e-03,
-5.562300793826580048e-03,
-1.065667252987623215e-02,
1.369426120072603226e-02,
1.501368824392557144e-03,
-6.142282392829656601e-03,
-9.782594628632068634e-03,
-1.491590403020381927e-02,
-7.600494194775819778e-03,
-1.303233485668897629e-02,
-3.802679013460874557e-03,
-6.953009869903326035e-03,
-1.198928151279687881e-02,
1.035368163138628006e-02,
-1.724945963360369205e-03,
8.906707167625427246e-03,
-6.210717372596263885e-03,
-2.160010114312171936e-02,
-1.211852207779884338e-02,
-1.054174453020095825e-02,
1.077192649245262146e-02,
1.336682680994272232e-02,
-1.107817701995372772e-02,
-1.922870799899101257e-02,
-2.853542100638151169e-03,
9.623846970498561859e-03,
-4.453209985513240099e-04,
1.669863355346024036e-03,
-5.853503942489624023e-03,
-2.087935246527194977e-02,
1.598918926902115345e-03,
-8.960441686213016510e-03,
2.802614588290452957e-03,
-1.330607384443283081e-02,
8.521251380443572998e-03,
-1.720086671411991119e-03,
-6.212133448570966721e-04,
4.698834381997585297e-03,
1.249968889169394970e-03,
-1.985010690987110138e-03,
-1.193725783377885818e-02,
-1.321887783706188202e-02,
-1.277661602944135666e-02,
-6.719030905514955521e-03,
6.439297460019588470e-03,
9.721839800477027893e-03,
-6.834330968558788300e-03,
-2.662832615897059441e-03,
1.748395338654518127e-02,
7.679185830056667328e-03,
-2.999146236106753349e-03,
-2.270379263791255653e-05,
-3.185674315318465233e-03,
6.220562383532524109e-03,
1.812907867133617401e-02,
4.912520293146371841e-03,
-1.146382465958595276e-02,
1.434565428644418716e-02,
4.977980162948369980e-03,
-1.441813167184591293e-02,
-4.432599060237407684e-03,
9.798266924917697906e-03,
-6.410792004317045212e-03,
-3.505239437799900770e-04,
-8.774478919804096222e-03,
5.036423914134502411e-03,
-1.330548338592052460e-02,
-9.627706371247768402e-03,
1.022383221425116062e-03,
1.902719400823116302e-02,
-3.268982982262969017e-03,
1.448678039014339447e-02,
7.803293876349925995e-03,
1.379717793315649033e-02,
8.466527797281742096e-03,
3.545301267877221107e-03,
4.233719315379858017e-03,
-1.332144439220428467e-02,
8.907713927328586578e-03,
9.264947846531867981e-03,
-6.081507075577974319e-03,
-1.870266627520322800e-03,
8.149066008627414703e-03,
-2.247564960271120071e-03,
-4.488918464630842209e-03,
9.691432118415832520e-03,
3.689778037369251251e-03,
-3.817993681877851486e-03,
-7.772859651595354080e-03,
-1.149415876716375351e-02,
1.383426133543252945e-02,
1.512782648205757141e-02,
1.179552078247070312e-02,
-5.310423672199249268e-03,
-1.802508253604173660e-03,
-3.106533549726009369e-03,
7.524081971496343613e-03,
-6.510444916784763336e-03,
-3.106087446212768555e-03,
1.803212426602840424e-02,
-6.724002771079540253e-03,
-1.347980811260640621e-03,
1.836123131215572357e-02,
1.195869315415620804e-02,
-1.661907695233821869e-02,
-2.806743606925010681e-03,
-4.124463070183992386e-03,
-7.057724520564079285e-03,
3.218181896954774857e-03,
-7.333235349506139755e-03,
1.751086674630641937e-02,
-8.803502656519412994e-03,
4.363010230008512735e-04,
-3.683422459289431572e-03,
1.630121096968650818e-02,
-8.421782404184341431e-04,
1.532642636448144913e-02,
-1.090518012642860413e-02,
1.039832364767789841e-02,
-1.509160641580820084e-02,
8.448981097899377346e-04,
6.758916657418012619e-03,
3.455768572166562080e-03,
8.727626875042915344e-03,
-7.788852788507938385e-03,
-1.010271254926919937e-02,
1.678434759378433228e-02,
4.014886450022459030e-03,
6.015755236148834229e-03,
3.391117090359330177e-03,
-1.364843267947435379e-02,
-7.994969375431537628e-03,
-3.273908281698822975e-03,
1.949043758213520050e-02,
-1.423521526157855988e-02,
-8.964368142187595367e-03,
-1.038697175681591034e-02,
8.724417537450790405e-03,
-1.995994243770837784e-03,
-1.524275075644254684e-02,
1.279931049793958664e-02,
1.873253379017114639e-03,
3.973340615630149841e-03,
1.804554951377213001e-03,
4.465589765459299088e-03,
7.623805198818445206e-03,
2.724725618463708088e-06,
1.888190163299441338e-03,
-1.548167876899242401e-02,
2.210220089182257652e-03,
-1.310325227677822113e-02,
-4.434339236468076706e-03,
2.280129864811897278e-02,
-1.678132568486034870e-03,
-7.419196888804435730e-03,
3.995174076408147812e-03,
-4.579085391014814377e-03,
5.735899787396192551e-03,
-1.094093453139066696e-02,
-1.615646760910749435e-03,
1.839391887187957764e-03,
3.828166984021663666e-03,
3.007993567734956741e-03,
-3.507953602820634842e-03,
-3.635690081864595413e-03,
-3.300731536000967026e-03,
1.416373997926712036e-02,
4.932269454002380371e-03,
1.286302600055932999e-02,
-1.568674691952764988e-03,
3.700644476339221001e-03,
-1.623206958174705505e-02,
-1.056437753140926361e-02,
1.488337852060794830e-02,
-3.241536440327763557e-03,
-1.369335036724805832e-02,
2.766185440123081207e-03,
-1.265179086476564407e-02,
-1.378610637038946152e-02,
-1.784467138350009918e-02,
-7.525732740759849548e-03,
-7.013693451881408691e-03,
-2.041673753410577774e-03,
-1.853744615800678730e-03,
6.310150958597660065e-03,
-1.400783192366361618e-02,
-7.207990624010562897e-03,
-6.416989956051111221e-03,
-1.456820312887430191e-02,
6.746001075953245163e-03,
2.628600224852561951e-03,
-9.663762524724006653e-03,
-5.773913115262985229e-03,
4.811427555978298187e-03,
4.336475976742804050e-04,
-1.797399669885635376e-02,
8.553928695619106293e-03,
6.322232075035572052e-03,
1.816038973629474640e-03,
-1.318432018160820007e-02,
-2.447362348902970552e-04,
1.919294125400483608e-03,
9.726213291287422180e-03,
-1.064495183527469635e-02,
4.459180345293134451e-04,
3.299631178379058838e-03,
-9.253230877220630646e-03,
6.710811983793973923e-03,
5.535937845706939697e-03,
1.811969093978404999e-02,
-9.567657485604286194e-03,
1.409216970205307007e-02,
-3.187312511727213860e-03,
-3.563703736290335655e-03,
-5.786996800452470779e-03,
-1.376266963779926300e-02,
-1.567213982343673706e-02,
1.233539544045925140e-02,
8.002138696610927582e-03,
8.822239935398101807e-03,
-1.554779894649982452e-02,
-8.259750902652740479e-03,
-1.443252991884946823e-02,
1.249440852552652359e-02,
1.458544656634330750e-02,
-9.322601370513439178e-03,
1.382712088525295258e-02,
2.905675210058689117e-03,
5.439694505184888840e-03,
5.055959336459636688e-03,
-8.951982483267784119e-03,
-1.667369715869426727e-02,
2.977063646540045738e-03,
5.528463050723075867e-03,
-3.089385572820901871e-03,
1.890810322947800159e-03,
-6.634688004851341248e-03,
1.959261111915111542e-02,
-1.715673599392175674e-03,
4.780013579875230789e-03,
-6.631705444306135178e-03,
-2.088180510327219963e-03,
1.042652409523725510e-03,
-1.062979456037282944e-02,
9.928305633366107941e-03,
9.863974526524543762e-03,
-2.500953851267695427e-03,
-8.408841677010059357e-03,
1.144915726035833359e-02,
1.136841718107461929e-02,
3.456469625234603882e-03,
-5.960713606327772141e-03,
5.025539430789649487e-04,
5.635284818708896637e-03,
1.035901810973882675e-02,
-2.728336257860064507e-03,
-4.553291015326976776e-03,
-7.989136502146720886e-03,
7.609132677316665649e-03,
8.758061449043452740e-04,
3.590704873204231262e-04,
1.521976897493004799e-03,
-8.425264386460185051e-04,
-1.686974195763468742e-03,
-6.856230087578296661e-03,
7.519744802266359329e-03,
1.002037781290709972e-03,
-4.037497099488973618e-03,
1.197043154388666153e-02,
-3.482906846329569817e-03,
2.124792896211147308e-03,
-3.298257943242788315e-03,
9.039851836860179901e-03,
-8.221298456192016602e-03,
-1.740692742168903351e-02,
-1.262152567505836487e-02,
1.667282544076442719e-02,
7.384149823337793350e-03,
1.114153210073709488e-02,
-3.241063794121146202e-03,
1.240334939211606979e-02,
4.704891238361597061e-03,
-1.035452913492918015e-02,
1.350150560028851032e-03,
-4.852281417697668076e-04,
-3.703495312947779894e-04,
-1.143314316868782043e-02,
1.422547083348035812e-02,
4.474278073757886887e-03,
2.028686460107564926e-03,
3.504295309539884329e-04,
1.643369160592556000e-02,
6.770159583538770676e-03,
1.163097936660051346e-02,
7.704278454184532166e-03,
1.717715151607990265e-02,
-2.570535987615585327e-03,
5.342724267393350601e-03,
1.051256246864795685e-02,
1.428178139030933380e-02,
-7.046822458505630493e-03,
6.288215517997741699e-03,
8.471001870930194855e-03,
-8.462044061161577702e-04,
-1.152782421559095383e-02,
-3.174897283315658569e-03,
1.286024786531925201e-02,
6.847064010798931122e-03,
1.029702834784984589e-02,
6.073087453842163086e-03,
9.484813548624515533e-03,
1.052452623844146729e-02,
-9.546359069645404816e-03,
-9.809844195842742920e-03,
5.370825529098510742e-04,
9.886549785733222961e-03,
6.342533975839614868e-03,
-6.231068633496761322e-03,
-6.551293190568685532e-03,
-9.105781093239784241e-03,
-1.583709754049777985e-02,
-1.286152098327875137e-02,
1.521610841155052185e-02,
6.574764847755432129e-03,
-2.044376730918884277e-02,
4.099010955542325974e-03,
1.326332893222570419e-02,
-2.309200353920459747e-03,
-1.035520900040864944e-02,
1.440298557281494141e-02,
-4.716626834124326706e-03,
-4.157387651503086090e-03,
6.309718592092394829e-04,
-3.339717397466301918e-03,
-1.224135747179389000e-03,
-7.365353405475616455e-03,
-1.760791800916194916e-02,
6.968210916966199875e-03,
1.808880013413727283e-03,
7.124789059162139893e-03,
5.732030142098665237e-03,
-1.109168678522109985e-02,
-5.128146149218082428e-03,
-1.790897175669670105e-02,
-2.601010492071509361e-04,
-1.400848198682069778e-02,
7.626771461218595505e-03,
-1.607666350901126862e-02,
1.245143730193376541e-02,
-9.474473074078559875e-03,
6.946958601474761963e-04,
3.772696480154991150e-03,
-8.599502034485340118e-03,
-1.143143791705369949e-02,
1.514408364892005920e-02,
4.037664271891117096e-03,
-2.850017277523875237e-03,
1.325787510722875595e-02,
3.705609124153852463e-04,
1.335899578407406807e-03,
1.093366555869579315e-02,
-6.639800034463405609e-03,
-2.076536789536476135e-02,
-6.834933068603277206e-03,
6.194738205522298813e-03,
-7.470876909792423248e-03,
8.310135453939437866e-03,
-9.386349469423294067e-03,
8.770725107751786709e-04,
-5.980219691991806030e-03,
2.634346252307295799e-03,
9.103502146899700165e-03,
-1.171106752008199692e-02,
1.283827354200184345e-03,
-1.177367661148309708e-02,
3.653625026345252991e-03,
-1.051622349768877029e-02,
-1.224671141244471073e-03,
-1.433860324323177338e-02,
-8.383888751268386841e-03,
3.457382088527083397e-03,
-8.070295676589012146e-03,
-6.432168651372194290e-03,
1.388526428490877151e-02,
3.300663782283663750e-03,
-1.246274914592504501e-03,
-2.169343642890453339e-02,
-1.389649696648120880e-03,
-1.189228263683617115e-03,
-1.929335296154022217e-02,
-8.273869752883911133e-03,
7.975108921527862549e-03,
1.607983023859560490e-03,
-3.643436357378959656e-03,
1.266513019800186157e-02,
6.749647669494152069e-03,
-5.517419893294572830e-03,
8.922899141907691956e-04,
1.472670817747712135e-03,
-1.142607536166906357e-02,
3.719047177582979202e-03,
-1.356084179133176804e-02,
-5.812906660139560699e-03,
-7.353479973971843719e-03,
1.309173763729631901e-03,
-3.446143455221317708e-05,
-4.076353739947080612e-03,
7.753951009362936020e-03,
4.769916180521249771e-03,
-2.211585175246000290e-03,
-1.719788275659084320e-02,
-1.004581246525049210e-02,
5.701621528714895248e-03,
7.943199947476387024e-03,
-7.721139118075370789e-03,
-1.670185476541519165e-02,
1.610130071640014648e-02,
1.067131524905562401e-03,
-1.175087876617908478e-02,
7.476459722965955734e-03,
6.753777619451284409e-03,
2.211249811807647347e-04,
4.730542132165282965e-04,
-5.448090843856334686e-03,
-1.416289899498224258e-02,
-5.176403792575001717e-04,
4.191442858427762985e-03,
5.490483716130256653e-03,
-1.655681617558002472e-02,
-8.075765334069728851e-03,
7.546114502474665642e-04,
-8.376149344258010387e-04,
-1.997823454439640045e-02,
-4.906483460217714310e-03,
8.963822387158870697e-03,
1.031871326267719269e-02,
2.455598907545208931e-03,
3.181787440553307533e-03,
7.136351196095347404e-04,
-1.167284511029720306e-02,
5.225405562669038773e-03,
-5.194062367081642151e-03,
1.735014840960502625e-02,
-1.173271518200635910e-02,
1.308006979525089264e-02,
-8.268919773399829865e-03,
1.956107094883918762e-02,
4.899338819086551666e-03,
2.802637172862887383e-03,
-3.876676317304372787e-03,
1.400950923562049866e-02,
-1.046325452625751495e-02,
2.727556566242128611e-04,
5.000282078981399536e-03,
-6.924964487552642822e-03,
-2.082545834127813578e-04,
3.000804455950856209e-03,
-3.176956204697489738e-03,
-1.790436916053295135e-02,
1.050362829118967056e-02,
-2.346446970477700233e-03,
-6.137788761407136917e-03,
-7.669304963201284409e-03,
-1.830436987802386284e-03,
1.551174372434616089e-02,
2.949246903881430626e-03,
7.174778729677200317e-04,
-7.954216562211513519e-03,
6.741489283740520477e-03,
-1.297794049605727196e-03,
-1.801083981990814209e-02,
2.697937656193971634e-03,
-6.680589169263839722e-03,
-1.658649742603302002e-02,
-1.525847334414720535e-02,
2.824532799422740936e-03,
4.432945512235164642e-03,
-3.042690223082900047e-03,
-5.983542068861424923e-04,
1.985215395689010620e-02,
5.908373277634382248e-03,
-1.605910807847976685e-02,
-6.284997798502445221e-03,
7.203763816505670547e-03,
-5.702072288841009140e-03,
-6.349468138068914413e-03,
9.713463485240936279e-03,
3.506659530103206635e-03,
-1.148898527026176453e-02,
-7.722123060375452042e-03,
4.800913156941533089e-04,
-4.749096930027008057e-03,
-1.147024612873792648e-02,
-1.359095983207225800e-02,
-1.392056467011570930e-03,
-1.881979405879974365e-02,
2.352724317461252213e-03,
-3.656330518424510956e-03,
-4.899260587990283966e-03,
-2.939699217677116394e-03,
-1.001126691699028015e-02,
-5.421678535640239716e-03,
1.461119204759597778e-02,
-1.269670756300911307e-04,
-5.024642217904329300e-03,
7.288199849426746368e-03,
-1.149583142250776291e-02,
9.338286705315113068e-03,
1.857284270226955414e-02,
-3.025188576430082321e-03,
-2.081763232126832008e-03,
1.292814966291189194e-02,
-3.934621810913085938e-03,
-4.620895255357027054e-03,
1.527741178870201111e-02,
5.771996220573782921e-04,
1.453647203743457794e-02,
5.502653773874044418e-03,
-6.732119247317314148e-03,
4.836600739508867264e-03,
1.311125233769416809e-02,
-1.046309992671012878e-02,
6.678835954517126083e-03,
-9.541464969515800476e-03,
1.494068652391433716e-02,
-1.495644822716712952e-02,
1.328912843018770218e-02,
8.225819095969200134e-03,
-5.727263167500495911e-03,
9.668138809502124786e-03,
-5.392970517277717590e-03,
-9.441066533327102661e-03,
-3.875954076647758484e-03,
-4.605599213391542435e-03,
3.426997223868966103e-03,
3.906828816980123520e-03,
1.249635498970746994e-02,
-5.266360938549041748e-03,
1.221182011067867279e-02,
9.306786581873893738e-03,
-3.422433801461011171e-04,
-2.047662157565355301e-03,
-7.998113520443439484e-03,
1.694131456315517426e-02,
-6.343382410705089569e-03,
-1.506700739264488220e-02,
4.332307260483503342e-03,
2.190145663917064667e-02,
3.287142608314752579e-03,
-5.561510100960731506e-03,
6.564642768353223801e-03,
2.219909988343715668e-02,
-1.073228102177381516e-02,
-1.836554333567619324e-02,
1.950187422335147858e-02,
-5.123905837535858154e-03,
9.294905699789524078e-03,
2.173834014683961868e-03,
-7.608234882354736328e-04,
-8.839471265673637390e-03,
-4.820366855710744858e-03,
7.928816601634025574e-03,
-8.533374406397342682e-03,
-1.030729338526725769e-02,
6.765432655811309814e-03,
-2.174641564488410950e-02,
7.646784186363220215e-03,
1.001437194645404816e-02,
-3.393824677914381027e-03,
3.381158458068966866e-03,
3.123419359326362610e-03,
-6.448360159993171692e-03,
-3.656327258795499802e-03,
-1.556956768035888672e-02,
-7.150091696530580521e-03,
-8.366421796381473541e-03,
-1.214992254972457886e-02,
-2.324730530381202698e-02,
-4.318851977586746216e-03,
-8.568242192268371582e-03,
-1.109356246888637543e-02,
-2.251422731205821037e-03,
-1.342151779681444168e-02,
-1.491028536111116409e-02,
-1.679069921374320984e-02,
-9.947581216692924500e-03,
-8.659864775836467743e-03,
1.861860416829586029e-02,
-2.173157967627048492e-02,
6.931479554623365402e-03,
-1.161615177989006042e-02,
-2.711972454562783241e-03,
-1.400147844105958939e-02,
-5.943545140326023102e-03,
8.781844750046730042e-03,
1.293087471276521683e-02,
8.720194920897483826e-03,
3.899988019838929176e-03,
-8.730362169444561005e-03,
-8.592475205659866333e-03,
6.144532468169927597e-03,
-2.902307314798235893e-03,
-5.061401054263114929e-03,
3.768480150029063225e-03,
-4.941249499097466469e-04,
-1.112004276365041733e-02,
1.779655180871486664e-02,
-2.468119375407695770e-03,
1.758348383009433746e-02,
-6.737454794347286224e-03,
6.500369054265320301e-04,
-5.263324361294507980e-03,
1.003583054989576340e-02,
-6.975170690566301346e-03,
6.850405596196651459e-03,
1.186707150191068649e-02,
6.308931857347488403e-03,
3.190475981682538986e-03,
1.756540127098560333e-02,
2.621005522087216377e-03,
2.441058401018381119e-03,
8.322649635374546051e-03,
2.653355011716485023e-03,
-6.521066650748252869e-03,
-1.616863161325454712e-02,
-7.970340084284543991e-04,
-1.257047150284051895e-02,
-5.973986349999904633e-03,
1.107147056609392166e-02,
-1.359202992171049118e-02,
1.635568332858383656e-03,
-1.917670364491641521e-03,
7.334146182984113693e-03,
-3.034933470189571381e-03,
-1.518818782642483711e-03,
-2.067760564386844635e-02,
-1.873635314404964447e-02,
2.037669182755053043e-04,
-8.251925930380821228e-03,
-1.072106417268514633e-03,
-1.671865396201610565e-02,
6.225464399904012680e-03,
3.605475649237632751e-03,
9.610354900360107422e-03,
-3.271740570198744535e-04,
1.600646413862705231e-02,
-7.313665468245744705e-03,
-2.007735148072242737e-02,
-1.259368564933538437e-02,
6.637722253799438477e-03,
-1.728373765945434570e-02,
1.298526767641305923e-02,
3.306281287223100662e-03,
3.160029882565140724e-04,
-8.400759659707546234e-03,
-8.474344387650489807e-03,
1.816376694478094578e-03,
-9.651614236645400524e-04,
-1.103796437382698059e-02,
-1.126449648290872574e-02,
1.980340480804443359e-02,
-7.846786174923181534e-04,
1.002575177699327469e-02,
-4.047522088512778282e-04,
1.005692756734788418e-03,
-8.598956279456615448e-03,
1.373087894171476364e-02,
-1.575466431677341461e-02,
2.013564296066761017e-02,
-4.958081524819135666e-03,
-5.127020645886659622e-03,
-7.574852090328931808e-03,
1.173197175376117229e-03,
6.054927594959735870e-03,
1.332511100918054581e-02,
-4.458320792764425278e-03,
1.512013562023639679e-02,
-7.767916657030582428e-03,
1.648356020450592041e-02,
3.487637266516685486e-03,
1.334152184426784515e-02,
1.660809386521577835e-03,
9.809737093746662140e-04,
-7.540268357843160629e-03,
-2.853353740647435188e-03,
1.067032665014266968e-02,
-6.317752413451671600e-03,
-1.718864776194095612e-02,
1.192894019186496735e-02,
9.472870267927646637e-03,
-1.155209727585315704e-02,
-8.750458247959613800e-03,
-1.120049506425857544e-02,
-1.013218238949775696e-02,
5.681880749762058258e-03,
-1.809922832762822509e-04,
1.663486286997795105e-02,
3.151811659336090088e-03,
-4.015596583485603333e-03,
-7.215235382318496704e-03,
1.001885253936052322e-02,
5.923494696617126465e-03,
7.509181741625070572e-03,
1.208115500048734248e-04,
-6.460909731686115265e-03,
5.549249704927206039e-03,
-8.431763388216495514e-03,
-1.668996061198413372e-03,
4.892165306955575943e-03,
-7.292891386896371841e-03,
4.302113375160843134e-04,
-3.591895801946520805e-03,
1.372876111418008804e-02,
-4.509337246417999268e-03,
-1.186402142047882080e-02,
-1.571322605013847351e-02,
-8.640902116894721985e-03,
1.794977579265832901e-03,
-4.729696083813905716e-03,
7.406052201986312866e-03,
1.491909567266702652e-02,
1.463137846440076828e-02,
2.967661712318658829e-03,
9.304628474637866020e-04,
1.400328986346721649e-02,
-4.568270407617092133e-03,
1.058308780193328857e-02,
-9.517870494164526463e-04,
-6.675794720649719238e-04,
-1.671152003109455109e-02,
2.789182355627417564e-03,
7.144673727452754974e-03,
-6.745931692421436310e-03,
-4.297461826354265213e-03,
1.676584407687187195e-02,
-1.669269986450672150e-02,
-8.625952526926994324e-03,
1.567765697836875916e-02,
-4.786381963640451431e-03,
1.577023183926939964e-03,
1.138434186577796936e-02,
1.420737244188785553e-02,
-6.087253335863351822e-03,
5.388502497225999832e-03,
4.098507575690746307e-03,
2.071214112220332026e-04,
-3.492422169074416161e-03,
-5.623075645416975021e-03,
1.605097576975822449e-02,
-2.039477042853832245e-02,
-1.505955122411251068e-02,
-1.078135566785931587e-03,
9.308966808021068573e-03,
2.279315143823623657e-03,
-1.360896695405244827e-02,
7.767689879983663559e-03,
-1.139004994183778763e-02,
-2.573202655185014009e-04,
-9.295705705881118774e-03,
4.069165792316198349e-03,
-3.087032819166779518e-03,
-1.446552854031324387e-02,
2.433513756841421127e-03,
4.284589085727930069e-03,
-3.508093999698758125e-03,
-5.637485068291425705e-03,
-8.182766847312450409e-03,
4.015598446130752563e-03,
-1.424402371048927307e-02,
1.113682519644498825e-02,
1.195528823882341385e-02,
7.560138474218547344e-04,
5.527593195438385010e-03,
-3.041551099158823490e-04,
1.954772695899009705e-02,
-3.021855605766177177e-03,
-5.072101950645446777e-03,
2.781340386718511581e-03,
1.468026731163263321e-02,
-1.375257503241300583e-02,
-6.495705340057611465e-03,
-1.536090299487113953e-02,
5.725272931158542633e-03,
-1.973418518900871277e-03,
-8.019846864044666290e-03,
-1.443641074001789093e-02,
-6.402209401130676270e-03,
-5.469391588121652603e-03,
-5.942740011960268021e-03,
-1.285294443368911743e-02,
4.443820565938949585e-03,
-1.672608964145183563e-02,
4.086915403604507446e-03,
-2.671721391379833221e-03,
-2.483654767274856567e-03,
-3.276918781921267509e-03,
1.440965570509433746e-03,
1.395369786769151688e-02,
4.252236802130937576e-03,
-5.821126978844404221e-03,
1.817691721953451633e-03,
-7.902588695287704468e-03,
-6.738961674273014069e-03,
2.901468425989151001e-03,
-6.743427366018295288e-04,
-1.436136756092309952e-02,
1.022331509739160538e-02,
3.201636136509478092e-04,
1.872467808425426483e-02,
1.743072061799466610e-04,
-1.423398684710264206e-02,
5.726948380470275879e-03,
1.566534861922264099e-02,
5.626090802252292633e-03,
1.099423388950526714e-03,
-1.136443857103586197e-02,
5.639216862618923187e-03,
1.247741095721721649e-02,
-2.266607480123639107e-03,
4.032160621136426926e-03,
5.468021612614393234e-03,
-5.133630242198705673e-03,
1.000609807670116425e-02,
-1.274161972105503082e-03,
2.020114334300160408e-03,
8.588984608650207520e-03,
-9.975343011319637299e-03,
-7.661823648959398270e-03,
-1.058855559676885605e-02,
-9.671295061707496643e-03,
1.078333333134651184e-02,
-9.492419660091400146e-03,
-9.993706829845905304e-03,
9.920901618897914886e-03,
-5.983030889183282852e-03,
-1.271613873541355133e-03,
9.753456339240074158e-03,
2.565994625911116600e-03,
-4.499400965869426727e-03,
1.386752258986234665e-02,
1.425403635948896408e-02,
1.122171245515346527e-02,
2.611724426969885826e-03,
3.183368535246700048e-04,
-8.306745439767837524e-03,
-7.709433324635028839e-03,
3.287825500592589378e-03,
9.191520512104034424e-03,
-4.271904006600379944e-03,
4.882022738456726074e-03,
-1.415620837360620499e-02,
-7.338027469813823700e-03,
3.736880375072360039e-03,
-1.019497169181704521e-03,
-8.123226463794708252e-03,
3.919299226254224777e-03,
-1.308941002935171127e-02,
-1.752562075853347778e-02,
3.237965283915400505e-03,
7.543721003457903862e-04,
8.038608357310295105e-03,
-2.012608014047145844e-02,
1.254644803702831268e-02,
1.008206605911254883e-02,
1.110338838770985603e-03,
-2.016604878008365631e-02,
-7.286339066922664642e-03,
-4.714247770607471466e-03,
1.139749214053153992e-02,
2.650855807587504387e-03,
1.296047773212194443e-02,
3.628345439210534096e-03,
-6.219633854925632477e-03,
1.464237109757959843e-03,
-1.171387266367673874e-02,
-8.849899284541606903e-03,
-2.719864249229431152e-03,
-3.407927928492426872e-03,
-4.065406508743762970e-03,
-6.917335558682680130e-04,
1.454595569521188736e-02,
8.251898922026157379e-03,
-1.747704669833183289e-02,
5.615614820271730423e-03,
-8.344955276697874069e-04,
-7.562369573861360550e-03,
9.113365784287452698e-03,
-2.020989486481994390e-04,
-4.277322441339492798e-03,
1.049501635134220123e-02,
-4.017076920717954636e-03,
-1.748034264892339706e-03,
-5.634258966892957687e-03,
-6.298139924183487892e-04,
-7.402654271572828293e-03,
-3.849421860650181770e-03,
8.259815163910388947e-03,
1.655130274593830109e-02,
5.943825002759695053e-03,
6.469941232353448868e-03,
3.710761200636625290e-03,
7.533474825322628021e-03,
4.529110155999660492e-03,
-1.524269673973321915e-02,
1.282036490738391876e-02,
1.495581027120351791e-02,
1.476281904615461826e-03,
4.259172361344099045e-03,
-1.543215941637754440e-02,
-7.368235848844051361e-03,
1.272704568691551685e-03,
8.975966833531856537e-03,
7.782966364175081253e-03,
1.864845491945743561e-02,
5.981580354273319244e-03,
3.112795529887080193e-03,
1.251452695578336716e-02,
7.588902022689580917e-03,
8.210683154175058007e-05,
2.384760649874806404e-03,
3.578747622668743134e-03,
1.475429744459688663e-03,
-5.706224590539932251e-03,
2.059080870822072029e-03,
8.875248953700065613e-03,
1.332897786051034927e-02,
6.067380774766206741e-03,
-9.939323179423809052e-03,
1.136538852006196976e-02,
9.962467476725578308e-03,
2.956700511276721954e-03,
3.210108727216720581e-03,
-9.587623062543570995e-04,
-3.191528376191854477e-03,
1.173983793705701828e-02,
-1.189046725630760193e-02,
-2.406741259619593620e-03,
-4.882701672613620758e-03,
-1.530668884515762329e-02,
8.090038900263607502e-04,
1.853355788625776768e-03,
3.409836906939744949e-03,
8.432784117758274078e-03,
1.171127660199999809e-03,
9.878230048343539238e-05,
1.253080088645219803e-02,
8.351701311767101288e-03,
9.639669209718704224e-03,
5.881113465875387192e-04,
-6.774331908673048019e-03,
-1.750475540757179260e-02,
-6.004251074045896530e-03,
-3.526266897097229958e-03,
1.377349440008401871e-02,
-1.283024554140865803e-03,
5.254833959043025970e-04,
8.892948739230632782e-03,
-1.012009289115667343e-02,
1.203311141580343246e-02,
1.496012695133686066e-02,
-6.683596875518560410e-03,
4.250588062859605998e-06,
-9.017348289489746094e-03,
-3.366666845977306366e-03,
1.165154203772544861e-02,
7.562863640487194061e-03,
1.895394176244735718e-02,
7.478827144950628281e-03,
-1.551379822194576263e-02,
-2.040532231330871582e-02,
-6.320179905742406845e-03,
-1.051367074251174927e-02,
-6.055844016373157501e-03,
3.589644562453031540e-03,
1.012350246310234070e-02,
7.573508191853761673e-03,
6.232336745597422123e-04,
4.217282868921756744e-03,
2.330006973352283239e-04,
-8.363332017324864864e-04,
4.248134326189756393e-03,
-6.773471366614103317e-03,
9.606301784515380859e-03,
2.885137451812624931e-03,
-7.855483330786228180e-03,
1.529496815055608749e-02,
-1.205470040440559387e-02,
6.842592265456914902e-03,
-1.326848869211971760e-03,
1.353658270090818405e-02,
-1.524659339338541031e-02,
-9.097515605390071869e-03,
3.593686036765575409e-03,
-3.126161871477961540e-03,
6.586070172488689423e-03,
-5.348674952983856201e-03,
7.605483289808034897e-03,
1.469512842595577240e-02,
2.059812191873788834e-03,
3.084349445998668671e-03,
1.112230028957128525e-02,
2.724753925576806068e-03,
-1.044683065265417099e-02,
-2.537468913942575455e-03,
1.381594501435756683e-02,
1.592185162007808685e-02,
-1.969250850379467010e-03,
-1.080287806689739227e-02,
1.200733822770416737e-03,
-2.164193661883473396e-03,
-2.709327964112162590e-03,
1.176728960126638412e-02,
7.286001462489366531e-03,
-6.070644129067659378e-03,
1.075141248293220997e-03,
-1.646488346159458160e-02,
-6.237904075533151627e-03,
8.955189958214759827e-03,
8.438108488917350769e-03,
-2.138703130185604095e-03,
-2.957254648208618164e-03,
-1.032647304236888885e-02,
-1.379622262902557850e-03,
-3.607584163546562195e-03,
-1.605120114982128143e-02,
1.785092405043542385e-03,
-1.219260226935148239e-02,
-8.901088498532772064e-03,
-1.274707820266485214e-02,
-1.290451083332300186e-02,
-7.015870884060859680e-03,
-1.419562962837517262e-03,
-9.303579106926918030e-03,
4.851574543863534927e-03,
1.658605993725359440e-03,
8.121149614453315735e-03,
-1.309310272336006165e-02,
5.325966048985719681e-03,
-1.493380311876535416e-02,
-1.656871172599494457e-03,
-1.790085248649120331e-02,
1.070857513695955276e-02,
6.449387408792972565e-03,
-3.891469677910208702e-03,
-2.003499772399663925e-03,
-1.337307854555547237e-03,
8.631693199276924133e-03,
-3.060062881559133530e-03,
1.214221678674221039e-02,
-6.118537392467260361e-03,
1.396980253048241138e-03,
-1.625893986783921719e-03,
2.357513410970568657e-03,
5.393234896473586559e-04,
8.941986598074436188e-03,
1.149683445692062378e-02,
6.445933599025011063e-03,
-1.068047154694795609e-02,
-6.974360905587673187e-03,
6.267966702580451965e-03,
-9.619494900107383728e-03,
5.573362112045288086e-03,
-1.832042261958122253e-02,
-3.550008870661258698e-03,
4.470710176974534988e-03,
-2.464501187205314636e-03,
-1.795930415391921997e-02,
3.942341078072786331e-03,
-8.164726197719573975e-03,
-1.035113167017698288e-02,
-1.090109068900346756e-02,
2.434851601719856262e-03,
1.992638781666755676e-02,
-5.157548468559980392e-03,
-2.479486167430877686e-03,
-8.237635716795921326e-03,
5.961869377642869949e-03,
-8.563314564526081085e-03,
9.340408258140087128e-03,
-2.404482336714863777e-03,
-1.062063872814178467e-02,
5.972544196993112564e-03,
6.423957180231809616e-03,
6.670041009783744812e-03,
5.235749762505292892e-03,
-8.946675807237625122e-03,
1.130292750895023346e-02,
-1.189949735999107361e-02,
-1.667434163391590118e-02,
4.735777620226144791e-03,
3.409239463508129120e-03,
1.076218858361244202e-02,
-1.302821002900600433e-02,
2.872438402846455574e-03,
-6.683484185487031937e-03,
-1.600966788828372955e-02,
7.049904670566320419e-03,
-1.315214205533266068e-03,
4.293511155992746353e-03,
1.161077804863452911e-02,
-1.576545299030840397e-03,
1.125894486904144287e-02,
-8.737483993172645569e-03,
8.438872173428535461e-03,
1.202530227601528168e-03,
1.093478500843048096e-02,
-1.315847411751747131e-02,
1.101138908416032791e-02,
1.913537620566785336e-03,
5.230367183685302734e-03,
9.797784499824047089e-03,
1.822172547690570354e-03,
1.789239235222339630e-02,
5.126879550516605377e-03,
8.936939761042594910e-03,
5.977906752377748489e-03,
1.553170010447502136e-02,
1.335144136101007462e-02,
3.098735585808753967e-03,
-2.249727724120020866e-03,
2.499530790373682976e-03,
1.372778508812189102e-02,
-1.286925934255123138e-02,
2.013952471315860748e-02,
9.682965464890003204e-03,
3.311511129140853882e-03,
2.435893518850207329e-03,
-9.044944308698177338e-03,
-2.510025224182754755e-04,
-4.272429272532463074e-03,
-5.244614440016448498e-04,
-1.694143004715442657e-02,
2.331698080524802208e-03,
-9.072765707969665527e-03,
-5.401003640145063400e-03,
-1.181264035403728485e-02,
-1.406865660101175308e-02,
-1.528502069413661957e-02,
1.667012274265289307e-02,
4.722978919744491577e-03,
-1.216811221092939377e-02,
9.189966134727001190e-03,
-1.228319667279720306e-02,
6.529504433274269104e-03,
-3.100149333477020264e-03,
-2.559704007580876350e-04,
5.273642484098672867e-03,
-3.206635126844048500e-03,
6.948702502995729446e-03,
-4.977610893547534943e-03,
7.748487871140241623e-03,
7.734283339232206345e-03,
-4.473806824535131454e-03,
1.576805603690445423e-03,
-2.855459926649928093e-03,
1.177256926894187927e-03,
5.527065601199865341e-03,
1.223094481974840164e-02,
-4.087119828909635544e-03,
-1.704005897045135498e-02,
7.623709272593259811e-03,
-1.659984327852725983e-02,
-1.040322706103324890e-02,
-4.548089578747749329e-03,
-7.382432930171489716e-03,
-3.507197136059403419e-03,
-7.259309757500886917e-03,
9.743784554302692413e-03,
7.824419066309928894e-03,
1.371902413666248322e-03,
-1.038823649287223816e-02,
-2.607618807815015316e-04,
-8.636602200567722321e-03,
-5.268256179988384247e-03,
-1.188025809824466705e-02,
1.715204305946826935e-02,
9.489321149885654449e-03,
4.902006592601537704e-03,
1.346213556826114655e-02,
1.244905032217502594e-02,
-1.035386812873184681e-03,
7.637136150151491165e-04,
4.421006888151168823e-03,
-4.130301531404256821e-03,
-1.347083947621285915e-03,
3.620533272624015808e-03,
7.407842203974723816e-03,
4.466386977583169937e-03,
-1.068200450390577316e-02,
-1.599686220288276672e-02,
-1.348410733044147491e-03,
1.821827515959739685e-02,
-1.113073085434734821e-03,
-5.037304479628801346e-03,
-5.843560793437063694e-04,
1.236329437233507633e-03,
8.858828805387020111e-03,
7.398991845548152924e-03,
-2.117173280566930771e-04,
7.510773837566375732e-03,
1.481394842267036438e-02,
-1.537626888602972031e-02,
-2.660591853782534599e-03,
-1.610059640370309353e-03,
-9.255453944206237793e-03,
-2.990049833897501230e-04,
-1.763135753571987152e-02,
1.776109077036380768e-02,
6.508799269795417786e-03,
-1.106611173599958420e-02,
9.591824375092983246e-03,
1.596730435267090797e-04,
2.208337187767028809e-03,
1.129329390823841095e-02,
1.142635568976402283e-02,
-1.252372190356254578e-02,
3.350560320541262627e-03,
-4.158277530223131180e-03,
1.069550029933452606e-02,
-1.689117588102817535e-02,
2.494310261681675911e-03,
1.631022803485393524e-02,
1.456306315958499908e-02,
-1.473860908299684525e-02,
-1.449193526059389114e-02,
6.023333407938480377e-03,
1.948632858693599701e-02,
-6.446025334298610687e-03,
-9.286108426749706268e-03,
1.062256563454866409e-02,
-6.750128697603940964e-03,
9.842347353696823120e-03,
-4.683189094066619873e-03,
4.129952751100063324e-03,
2.138103358447551727e-03,
-5.050011444836854935e-03,
-7.625636179000139236e-03,
-3.331506857648491859e-03,
-3.568486543372273445e-03,
-3.979742527008056641e-03,
6.937596481293439865e-03,
6.745362188667058945e-04,
1.525649614632129669e-02,
8.749318309128284454e-03,
4.025465750601142645e-04,
5.523694679141044617e-03,
2.352903131395578384e-03,
9.249196387827396393e-03,
-7.183411624282598495e-03,
4.890040960162878036e-03,
1.265667658299207687e-02,
7.220546714961528778e-03,
-4.860001150518655777e-03,
8.329511620104312897e-03,
-6.744689017068594694e-05,
-9.270875714719295502e-03,
-8.601152338087558746e-03,
1.214927248656749725e-02,
1.373873185366392136e-02,
5.893840920180082321e-03,
6.846553646028041840e-03,
-1.860766438767313957e-03,
-5.562390200793743134e-03,
1.122441724874079227e-03,
7.166729774326086044e-03,
-1.496253348886966705e-02,
-3.753834404051303864e-03,
3.877931972965598106e-03,
-4.754830151796340942e-03,
-3.230284899473190308e-03,
8.766284212470054626e-03,
1.715547032654285431e-02,
3.817141987383365631e-03,
6.006057374179363251e-03,
1.430377736687660217e-02,
-1.073025725781917572e-02,
6.963299121707677841e-03,
-7.948706625029444695e-04,
-7.038733921945095062e-03,
-1.392056420445442200e-02,
3.143246518447995186e-03,
-1.183534692972898483e-02,
4.363012034446001053e-03,
-5.544906016439199448e-03,
1.142591331154108047e-02,
5.535485222935676575e-03,
1.673574000597000122e-02,
-1.226055622100830078e-02,
9.219239465892314911e-03,
2.022012369707226753e-03,
-2.508376725018024445e-03,
1.376969646662473679e-02,
-1.644598203711211681e-03,
3.262870945036411285e-03,
4.444088321179151535e-03,
1.197117497213184834e-03,
1.407372485846281052e-02,
-1.506841368973255157e-02,
-2.657894510775804520e-03,
1.802821527235209942e-03,
1.064357906579971313e-02,
6.201972253620624542e-03,
-1.623383909463882446e-02,
5.607525818049907684e-03,
1.451701391488313675e-02,
1.481599174439907074e-03,
-1.003408059477806091e-02,
1.430506817996501923e-04,
-1.011560671031475067e-02,
-9.222168475389480591e-03,
6.488763261586427689e-03,
-4.971131216734647751e-03,
-1.579470699653029442e-04,
-2.572730649262666702e-03,
7.712661288678646088e-03,
-3.036858979612588882e-03,
-3.738332598004490137e-04,
2.519425004720687866e-03,
-3.075558226555585861e-03,
6.622335058636963367e-04,
1.647451333701610565e-02,
-2.030093222856521606e-03,
-1.281373389065265656e-02,
1.251512765884399414e-02,
-2.762573771178722382e-03,
-1.327438466250896454e-02,
6.946652662009000778e-03,
4.890562966465950012e-03,
7.755412720143795013e-03,
8.694655261933803558e-03,
1.041689235717058182e-02,
1.108799688518047333e-02,
1.403093803673982620e-02,
-2.029327442869544029e-03,
-5.893041379749774933e-03,
6.763829849660396576e-03,
-1.720149628818035126e-02,
8.485970087349414825e-03,
7.221330888569355011e-03,
1.719046756625175476e-02,
-1.981386356055736542e-02,
3.196848789229989052e-03,
-2.000279538333415985e-02,
-3.672518534585833549e-03,
-1.064946502447128296e-02,
-6.469258107244968414e-03,
-5.291312001645565033e-03,
2.808303339406847954e-03,
5.518751568160951138e-04,
1.488300506025552750e-02,
-7.480960804969072342e-03,
9.061112068593502045e-03,
-5.340394098311662674e-03,
-2.327691036043688655e-04,
8.650295436382293701e-03,
-1.985647715628147125e-03,
1.619812450371682644e-03,
1.414867211133241653e-02,
1.685460563749074936e-03,
1.364147569984197617e-02,
1.165078487247228622e-02,
3.236577613279223442e-03,
-1.010775333270430565e-03,
1.621852745302021503e-03,
-4.348665010184049606e-03,
6.918097380548715591e-03,
8.616380509920418262e-04,
-1.628449372947216034e-02,
-4.617628641426563263e-03,
-3.714491613209247589e-04,
8.737465366721153259e-03,
-9.903233498334884644e-03,
6.170819047838449478e-03,
9.852778166532516479e-03,
-3.409846220165491104e-03,
1.466230861842632294e-02,
1.568144746124744415e-02,
-6.668005604296922684e-03,
5.752330180257558823e-03,
-3.769634349737316370e-04,
-1.887679216451942921e-03,
5.597935523837804794e-03,
7.148576434701681137e-03,
-8.250884711742401123e-03,
1.448958553373813629e-02,
3.650026337709277868e-04,
-1.000308897346258163e-03,
1.765473745763301849e-03,
-3.789669135585427284e-03,
1.046635769307613373e-02,
1.098521333187818527e-02,
3.528450906742364168e-04,
6.021770182996988297e-03,
-1.071282289922237396e-02,
7.839024066925048828e-03,
-3.010567976161837578e-03,
7.351686246693134308e-03,
1.630710996687412262e-02,
-3.900655719917267561e-04,
2.292420016601681709e-03,
7.402200717478990555e-03,
1.748018898069858551e-03,
2.447083126753568649e-03,
-7.404115982353687286e-03,
6.051803473383188248e-03,
1.521799596957862377e-03,
1.588025013916194439e-03,
4.538559878710657358e-04,
-1.037926971912384033e-02,
7.019390817731618881e-03,
3.870725631713867188e-03,
-1.423187647014856339e-02,
9.181275032460689545e-03,
8.094772056210786104e-05,
1.749787293374538422e-02,
8.902498520910739899e-03,
-4.905392881482839584e-03,
-1.504172757267951965e-02,
1.450923923403024673e-02,
-1.247897557914257050e-02,
5.967626348137855530e-03,
1.335638947784900665e-02,
-1.512879878282546997e-02,
-8.266272954642772675e-03,
-1.447614282369613647e-03,
-7.891872897744178772e-03,
7.012552116066217422e-03,
-1.775545813143253326e-02,
3.680957248434424400e-03,
-4.128254484385251999e-03,
-4.597338847815990448e-03,
-1.140093337744474411e-02,
-1.073898375034332275e-02,
-1.382847595959901810e-02,
-5.553064867854118347e-03,
1.222849637269973755e-02,
-1.345643959939479828e-02,
2.826158190146088600e-03,
-1.394991576671600342e-02,
1.596816815435886383e-02,
-9.409524500370025635e-03,
-7.012921385467052460e-03,
-9.399009868502616882e-03,
-7.373586297035217285e-03,
4.278182517737150192e-03,
-1.566028594970703125e-02,
3.862523473799228668e-03,
-6.568494718521833420e-04,
2.153339562937617302e-03,
-1.654859445989131927e-02,
3.683239920064806938e-03,
-1.400437857955694199e-02,
-5.145918112248182297e-03,
-5.720365326851606369e-03,
-3.160955850034952164e-03,
7.947139674797654152e-04,
9.873073548078536987e-03,
-4.912738688290119171e-03,
-1.363475434482097626e-02,
-6.074807606637477875e-03,
1.403225213289260864e-02,
-3.563660895451903343e-03,
-3.326925216242671013e-03,
1.681184582412242889e-02,
1.771520939655601978e-03,
-1.920358464121818542e-02,
1.956313615664839745e-03,
4.663720319513231516e-04,
-9.763807058334350586e-03,
-7.070476189255714417e-03,
-9.036008268594741821e-03,
4.894600249826908112e-03,
-1.035955268889665604e-02,
-1.463545020669698715e-02,
3.032726701349020004e-03,
1.500079873949289322e-02,
1.204084884375333786e-02,
-9.846505708992481232e-03,
9.615304879844188690e-03,
7.431228179484605789e-03,
-9.522018954157829285e-03,
1.397849526256322861e-02,
-1.295611262321472168e-02,
1.206582132726907730e-02,
-4.628462251275777817e-03,
1.726631016936153173e-04,
-5.446238443255424500e-03,
7.913011359050869942e-04,
-1.436608377844095230e-02,
-1.583532779477536678e-03,
-3.931586164981126785e-03,
-7.138139102607965469e-03,
7.548533845692873001e-03,
1.997606363147497177e-03,
-1.109488308429718018e-02,
-1.227359101176261902e-02,
5.928731989115476608e-03,
-1.069091376848518848e-03,
-5.049874074757099152e-03,
1.337307970970869064e-02,
7.282711099833250046e-03,
1.107079163193702698e-02,
-1.977615756914019585e-03,
1.505914889276027679e-02,
2.559992950409650803e-03,
-1.043484918773174286e-02,
-8.585373871028423309e-03,
1.895024813711643219e-02,
-2.205225266516208649e-02,
3.043587203137576580e-04,
3.156275954097509384e-03,
1.891431584954261780e-02,
-1.171510759741067886e-02,
3.845885861665010452e-03,
-9.056681767106056213e-03,
-3.806039749179035425e-04,
1.202636194648221135e-04,
-3.091720631346106529e-03,
1.154801528900861740e-02,
9.348944760859012604e-03,
-1.523228827863931656e-02,
-9.449287899769842625e-04,
-5.921067669987678528e-03,
-4.479006398469209671e-03,
-1.816979609429836273e-02,
2.332404954358935356e-03,
-3.313158871605992317e-03,
1.685324497520923615e-02,
1.212021056562662125e-02,
-9.728545323014259338e-03,
2.104596700519323349e-03,
-3.256058087572455406e-03,
-1.064630690962076187e-02,
-4.115623421967029572e-03,
7.127480348572134972e-04,
7.315710186958312988e-03,
4.346687812358140945e-03,
1.013981644064188004e-02,
-6.119344383478164673e-03,
1.544189825654029846e-02,
-1.557802315801382065e-02,
-8.040864020586013794e-03,
5.041456315666437149e-03,
2.612936310470104218e-03,
-4.568447358906269073e-03,
-2.275883918628096581e-03,
-9.764762944541871548e-04,
-4.357337485998868942e-03,
1.732946187257766724e-02,
-9.018219076097011566e-03,
7.434055674821138382e-03,
-4.694873467087745667e-03,
-8.423855528235435486e-03,
4.696760443039238453e-04,
1.210671570152044296e-02,
-5.797611549496650696e-03,
-5.965033196844160557e-04,
-1.759274490177631378e-02,
-1.516221440397202969e-03,
-3.293788467999547720e-04,
-1.554315816611051559e-02,
1.091112848371267319e-02,
9.530820883810520172e-03,
1.494766026735305786e-02,
1.900392235256731510e-03,
4.657372366636991501e-03,
5.842221435159444809e-04,
1.707126758992671967e-02,
-2.222608076408505440e-03,
-4.666845779865980148e-03,
9.235495701432228088e-03,
1.306949649006128311e-02,
7.905736565589904785e-03,
-1.270380429923534393e-02,
1.244589872658252716e-02,
-4.146986640989780426e-03,
-1.252126414328813553e-02,
8.408485911786556244e-03,
2.615026431158185005e-03,
-1.373270060867071152e-02,
-8.932235650718212128e-03,
1.171006169170141220e-02,
-3.501908620819449425e-03,
1.800908707082271576e-02,
-1.617638394236564636e-02,
2.876618644222617149e-03,
-6.210372666828334332e-04,
-7.826640270650386810e-03,
7.348912302404642105e-03,
-4.255097359418869019e-03,
1.542063523083925247e-02,
1.341381855309009552e-02,
1.984196947887539864e-03,
-3.116196021437644958e-03,
-7.802322972565889359e-03,
1.172326970845460892e-02,
-1.504452619701623917e-02,
-3.589414060115814209e-03,
-4.760077281389385462e-04,
1.791239832527935505e-03,
-5.095602013170719147e-03,
-6.161700468510389328e-03,
7.831873372197151184e-03,
-9.927608072757720947e-03,
-1.014999672770500183e-02,
3.876368748024106026e-03,
-8.390916511416435242e-03,
1.277768891304731369e-02,
2.005901886150240898e-03,
4.165081190876662731e-05,
-6.237679626792669296e-03,
-3.517212811857461929e-03,
-8.359948173165321350e-03,
3.911942709237337112e-03,
8.022803813219070435e-04,
3.326474223285913467e-03,
-9.552538394927978516e-03,
-9.153443388640880585e-03,
-4.628824535757303238e-03,
-7.244774606078863144e-03,
4.728869069367647171e-03,
6.616612896323204041e-03,
1.038937270641326904e-02,
7.810921408236026764e-03,
-1.863812096416950226e-03,
-2.863092580810189247e-03,
-3.626678371801972389e-03,
3.999259322881698608e-03,
-5.350357387214899063e-03,
4.132008645683526993e-03,
-7.108459249138832092e-03,
9.164026007056236267e-03,
4.360185121186077595e-04,
-7.435081992298364639e-03,
4.497824993450194597e-04,
7.480133790522813797e-03,
-2.170017175376415253e-02,
-6.633840966969728470e-03,
-9.921522578224539757e-04,
1.207833737134933472e-02,
2.734918612986803055e-03,
7.671898696571588516e-03,
3.537080017849802971e-03,
8.997647091746330261e-03,
3.611129010096192360e-03,
-1.354849082417786121e-03,
7.903967052698135376e-04,
-9.172562276944518089e-04,
5.247767083346843719e-03,
-6.181158125400543213e-03,
-4.268867487553507090e-04,
-1.387520693242549896e-02,
-1.187597587704658508e-02,
-7.244681939482688904e-03,
-4.103820770978927612e-03,
-7.955682463943958282e-03,
2.121822675690054893e-03,
8.142787031829357147e-03,
-6.454074289649724960e-03,
-2.114356309175491333e-02,
-1.624313369393348694e-02,
-4.809100180864334106e-03,
1.529543311335146427e-03,
-7.987132295966148376e-03,
2.111809328198432922e-03,
-7.560920435935258865e-03,
1.008214429020881653e-02,
-9.166222065687179565e-03,
-6.889200303703546524e-03,
4.300911910831928253e-03,
6.075756158679723740e-03,
1.642199046909809113e-02,
2.637403784319758415e-03,
-1.086383499205112457e-02,
-6.521890405565500259e-03,
1.010515727102756500e-02,
-3.971164987888187170e-04,
3.619568655267357826e-03,
7.179347332566976547e-03,
5.119622219353914261e-03,
1.052482612431049347e-02,
3.370705759152770042e-03,
-5.267849657684564590e-03,
-2.122857840731739998e-03,
2.837165025994181633e-03,
-1.320031937211751938e-02,
1.923063211143016815e-02,
7.660095579922199249e-03,
-5.445956252515316010e-03,
-1.101160515099763870e-02,
9.509435854852199554e-03,
-8.368699345737695694e-04,
4.642687563318759203e-04,
-1.436089910566806793e-02,
-1.127853058278560638e-03,
-1.445115543901920319e-02,
2.450310159474611282e-03,
1.441884413361549377e-02,
-9.833065792918205261e-03,
6.897830404341220856e-03,
-2.589501673355698586e-03,
-1.889189891517162323e-02,
-1.197232026606798172e-02,
-7.076891139149665833e-03,
1.633320190012454987e-02,
-1.849314547143876553e-03,
-1.946864183992147446e-03,
-9.480309672653675079e-03,
-1.592137664556503296e-02,
-1.065090764313936234e-02,
-2.154859248548746109e-03,
1.018873765133321285e-03,
-1.139363832771778107e-02,
-1.836356893181800842e-02,
-1.013269275426864624e-02,
-4.034579265862703323e-03,
-7.060625124722719193e-03,
1.055875979363918304e-02,
-9.323018603026866913e-04,
-1.452439930289983749e-03,
-2.082336694002151489e-03,
-2.084168791770935059e-02,
3.081498434767127037e-03,
6.634835153818130493e-03,
-1.792967319488525391e-03,
-1.158401928842067719e-02,
1.172181777656078339e-02,
6.937977857887744904e-03,
2.332923235371708870e-03,
-1.216959673911333084e-03,
1.712647639214992523e-02,
5.922917276620864868e-03,
-1.435672678053379059e-02,
1.441566832363605499e-02,
-4.736972972750663757e-03,
5.372067913413047791e-03,
5.178988911211490631e-03,
1.386550907045602798e-02,
-7.397406268864870071e-03,
-1.185067649930715561e-02,
-9.836986660957336426e-03,
-9.966238401830196381e-03,
3.085680364165455103e-04,
-6.786361802369356155e-03,
-2.615531906485557556e-03,
2.335042925551533699e-03,
1.651624799706041813e-03,
2.617065096274018288e-03,
2.562694251537322998e-03,
1.814326154999434948e-03,
-2.174908062443137169e-03,
-1.590577699244022369e-02,
1.186922937631607056e-02,
8.260564878582954407e-03,
1.871722005307674408e-02,
6.210539489984512329e-03,
1.085842680186033249e-02,
-1.126280333846807480e-02,
1.110467826947569847e-03,
-6.874185055494308472e-03,
1.006344053894281387e-02,
-4.401791840791702271e-03,
-8.529180660843849182e-03,
-1.919218525290489197e-02,
-1.071008108556270599e-02,
1.315615139901638031e-02,
-1.247879490256309509e-02,
5.351138301193714142e-03,
-1.179668027907609940e-02,
-1.393681298941373825e-02,
-3.285075305029749870e-03,
1.469105947762727737e-02,
-5.579416174441576004e-03,
3.785460430663079023e-04,
-3.519906662404537201e-03,
1.479898020625114441e-02,
-1.631172606721520424e-03,
3.402105532586574554e-03,
6.637293845415115356e-03,
1.857752166688442230e-02,
1.326936762779951096e-02,
-2.056221291422843933e-02,
-2.174525288864970207e-03,
-5.663729738444089890e-03,
5.253187380731105804e-03,
-6.882803048938512802e-03,
-7.367315236479043961e-03,
-7.254502270370721817e-04,
-1.351752039045095444e-02,
-1.032680552452802658e-02,
-6.434463430196046829e-03,
1.438839640468358994e-02,
-3.207998583093285561e-03,
1.393068954348564148e-02,
7.090803119353950024e-04,
8.331623859703540802e-03,
1.532666292041540146e-02,
-6.639768369495868683e-03,
-1.197070442140102386e-02,
6.797791458666324615e-03,
2.296060847584158182e-04,
-1.402828935533761978e-02,
5.991239449940621853e-04,
-1.155538833700120449e-03,
-1.451444625854492188e-02,
1.407603733241558075e-02,
-2.635764540173113346e-04,
-6.062370724976062775e-03,
-3.576452378183603287e-03,
-1.324862590990960598e-03,
-8.137178607285022736e-03,
4.109722096472978592e-03,
-1.726468093693256378e-02,
1.133766025304794312e-02,
1.860071904957294464e-02,
-1.732303760945796967e-02,
1.061216555535793304e-02,
-1.302426215261220932e-02,
1.547507708892226219e-03,
7.059282157570123672e-03,
-1.396136451512575150e-02,
4.699393175542354584e-03,
-8.621299639344215393e-03,
1.685479283332824707e-02,
-4.466522019356489182e-03,
1.840630732476711273e-02,
7.628179620951414108e-03,
1.785322558134794235e-03,
-1.027859002351760864e-02,
-9.798389859497547150e-03,
3.577150870114564896e-03,
1.020350772887468338e-02,
-1.507393550127744675e-02,
4.638057202100753784e-03,
-6.606094539165496826e-03,
-3.419003449380397797e-03,
-6.656459998339414597e-03,
-3.243513405323028564e-03,
-1.642791321501135826e-03,
-5.749797448515892029e-03,
-7.846568711102008820e-03,
-4.783411568496376276e-04,
5.043825600296258926e-03,
4.929507616907358170e-03,
1.529599074274301529e-03,
-7.823718711733818054e-03,
-1.282815122976899147e-03,
-1.959556248039007187e-03,
-1.427846960723400116e-03,
-1.782799139618873596e-03,
5.565026309341192245e-03,
2.303986810147762299e-03,
1.312490273267030716e-02,
-1.847104169428348541e-02,
4.238972440361976624e-03,
7.717807311564683914e-03,
1.174097787588834763e-02,
5.675245076417922974e-03,
5.700445617549121380e-04,
1.148886326700448990e-02,
-6.285723764449357986e-03,
-8.750006556510925293e-03,
4.348162095993757248e-03,
5.447374656796455383e-03,
-7.238021120429039001e-03,
-1.606023986823856831e-03,
3.632084233686327934e-03,
-3.155295737087726593e-03,
1.711861230432987213e-03,
-2.222519926726818085e-02,
1.887176372110843658e-02,
-1.032010093331336975e-02,
-6.009099073708057404e-03,
-1.022032578475773335e-03,
6.114801391959190369e-03,
1.103512849658727646e-02,
-4.590852186083793640e-03,
-8.689725771546363831e-03,
1.538961473852396011e-02,
-7.178953383117914200e-04,
-1.170529611408710480e-02,
-4.883158253505825996e-04,
2.797483175527304411e-04,
1.392908673733472824e-02,
1.058511156588792801e-02,
-9.624142199754714966e-03,
-1.026406767778098583e-03,
9.795979596674442291e-03,
1.472719106823205948e-02,
-1.869107014499604702e-03,
-9.292005561292171478e-03,
1.499945111572742462e-02,
2.542196772992610931e-03,
-1.406233874149620533e-03,
-2.035607583820819855e-02,
1.662634126842021942e-02,
-1.079181558452546597e-03,
2.781386021524667740e-03,
1.101136091165244579e-03,
-7.218659855425357819e-03,
-5.657931324094533920e-03,
1.010200008749961853e-02,
-8.454696275293827057e-03,
-1.312203984707593918e-02,
-1.073243189603090286e-02,
-1.318237511441111565e-03,
1.767158880829811096e-02,
-4.401878919452428818e-03,
1.432636380195617676e-02,
-7.674257736653089523e-03,
-2.682650228962302208e-03,
-5.101615097373723984e-03,
-1.092427689582109451e-02,
-1.455853460356593132e-03,
-2.315239049494266510e-03,
1.189796254038810730e-03,
-2.404907718300819397e-03,
1.181974634528160095e-02,
-4.960593767464160919e-03,
-1.351977698504924774e-02,
7.836222648620605469e-03,
2.956204814836382866e-03,
-6.347357761114835739e-03,
-4.420240409672260284e-03,
2.384344348683953285e-03,
-1.089508552104234695e-02,
-4.640685860067605972e-03,
1.160789001733064651e-02,
-1.346657052636146545e-02,
-6.132156588137149811e-03,
1.199671067297458649e-02,
-1.102064270526170731e-03,
3.967445343732833862e-03,
8.445209823548793793e-03,
8.271327242255210876e-03,
-8.336172439157962799e-03,
3.946977667510509491e-04,
-1.196183147840201855e-03,
-9.093699976801872253e-03,
-7.238792721182107925e-03,
-9.124649805016815662e-04,
-6.018206477165222168e-03,
9.378870017826557159e-03,
8.288051001727581024e-03,
-1.052641309797763824e-02,
-1.240871567279100418e-02,
-3.688393160700798035e-03,
4.405893560033291578e-04,
3.499340033158659935e-03,
4.142368678003549576e-03,
-1.760071329772472382e-02,
-1.114741200581192970e-03,
-1.128109451383352280e-02,
8.180392906069755554e-03,
-1.577178016304969788e-03,
6.122077815234661102e-03,
1.973087200894951820e-03,
-1.363321393728256226e-02,
-3.868453670293092728e-03,
7.037663832306861877e-03,
-3.840602701529860497e-03,
1.650254800915718079e-02,
1.789483800530433655e-02,
-4.609742201864719391e-03,
4.475147929042577744e-03,
-1.193600147962570190e-02,
2.287094015628099442e-03,
-1.127042621374130249e-02,
-1.100928056985139847e-02,
-9.146176744252443314e-04,
-1.813747105188667774e-03,
-1.128960959613323212e-02,
6.861077155917882919e-03,
-4.611191980075091124e-04,
1.411028206348419189e-03,
6.427495740354061127e-03,
-1.054413430392742157e-02,
1.177856698632240295e-02,
-1.841090619564056396e-02,
-8.447661064565181732e-03,
7.742722984403371811e-03,
1.189899351447820663e-02,
5.854080896824598312e-03,
-1.355994027107954025e-02,
2.770137274637818336e-03,
-1.253109425306320190e-02,
1.430517341941595078e-02,
2.726388396695256233e-03,
-1.593432016670703888e-02,
3.007832216098904610e-03,
-1.830426603555679321e-02,
-4.132643342018127441e-03,
3.375241300091147423e-03,
1.125819422304630280e-02,
-1.831454969942569733e-02,
8.600203320384025574e-03,
-2.278777901665307581e-05,
-2.540024463087320328e-03,
-6.388183101080358028e-05,
5.713711958378553391e-03,
-1.112875621765851974e-02,
1.293370593339204788e-02,
-1.191545370966196060e-02,
-1.758104562759399414e-02,
-1.423154119402170181e-02,
-7.248139474540948868e-03,
8.216475136578083038e-03,
6.745473947376012802e-03,
4.738200921565294266e-03,
1.805390790104866028e-02,
-9.381162934005260468e-03,
3.868948901072144508e-03,
-4.060519859194755554e-03,
1.198436017148196697e-03,
-4.880721215158700943e-03,
1.156249432824552059e-03,
-1.306167710572481155e-02,
-7.603233680129051208e-03,
1.955451257526874542e-02,
-1.266844570636749268e-03,
-9.640850126743316650e-03,
3.131170989945530891e-03,
8.996604941785335541e-03,
1.226934790611267090e-02,
8.420071564614772797e-03,
4.733036737889051437e-03,
4.863526206463575363e-03,
-2.265390008687973022e-03,
1.464360207319259644e-02,
-1.436062809079885483e-02,
1.347996480762958527e-02,
6.129042711108922958e-03,
4.163016565144062042e-04,
-1.497317425673827529e-04,
4.576162900775671005e-03,
1.071381630026735365e-04,
-1.257955841720104218e-02,
-1.551802828907966614e-02,
4.347634967416524887e-04,
-1.803548308089375496e-03,
7.819099351763725281e-03,
-4.206918179988861084e-03,
-7.717311847954988480e-03,
-1.317819021642208099e-02,
7.605209480971097946e-03,
-7.380041759461164474e-03,
-1.352448016405105591e-02,
-1.164912246167659760e-02,
6.681700469925999641e-04,
-7.789313793182373047e-03,
1.779188960790634155e-02,
-4.213566426187753677e-03,
9.726774878799915314e-03,
-1.259408798068761826e-02,
6.959552410989999771e-04,
-1.492847502231597900e-02,
5.209492519497871399e-03,
4.451504537428263575e-06,
-4.672437207773327827e-04,
-2.478416310623288155e-03,
2.885158173739910126e-04,
-1.476058387197554111e-03,
-3.589147701859474182e-03,
-2.020720625296235085e-03,
-3.431712044402956963e-03,
2.657845616340637207e-03,
1.372131519019603729e-02,
-1.559977699071168900e-02,
1.625015982426702976e-03,
9.670859202742576599e-03,
-6.328180432319641113e-03,
-9.226031601428985596e-03,
-5.245925392955541611e-03,
2.498917514458298683e-03,
1.773725613020360470e-03,
-5.686398362740874290e-04,
-8.968910202383995056e-03,
8.603738970123231411e-04,
-1.185408513993024826e-02,
-4.598014522343873978e-03,
2.169902203604578972e-03,
-5.033191409893333912e-04,
5.567647051066160202e-03,
-4.384481813758611679e-03,
-2.647319575771689415e-03,
-1.346272183582186699e-03,
-2.608673647046089172e-03,
-1.857307180762290955e-02,
-4.567466210573911667e-03,
-1.022904645651578903e-02,
-4.472924396395683289e-03,
-1.125746034085750580e-02,
-1.315915375016629696e-03,
-1.817458309233188629e-03,
-9.991199709475040436e-03,
-1.342469127848744392e-03,
1.761936768889427185e-02,
-1.125585404224693775e-03,
-8.355894125998020172e-03,
1.079530455172061920e-02,
7.887857034802436829e-03,
1.615692488849163055e-02,
-7.738464046269655228e-03,
-6.531399674713611603e-03,
-4.323950968682765961e-03,
1.192122139036655426e-02,
-1.051760651171207428e-02,
-6.168106105178594589e-03,
1.152302511036396027e-02,
2.555247046984732151e-04,
2.186300000175833702e-03,
-1.209281571209430695e-02,
1.218221615999937057e-02,
-1.260108896531164646e-03,
-1.960649527609348297e-02,
5.964178126305341721e-03,
6.146291736513376236e-03,
1.277481205761432648e-02,
-4.321491345763206482e-03,
-6.341312546283006668e-03,
3.972379490733146667e-03,
1.590944081544876099e-02,
-4.770778585225343704e-03,
4.554848652333021164e-03,
-6.145712453871965408e-03,
-1.897612237371504307e-03,
9.415070526301860809e-03,
-1.434885524213314056e-02,
