-1.452953219413757324e-01,
-8.926622569561004639e-02,
5.012892186641693115e-03,
-7.211946696043014526e-02,
-1.122198626399040222e-01,
-2.970927767455577850e-02,
4.079014807939529419e-02,
-3.162818029522895813e-02,
5.383506417274475098e-02,
-1.967200776562094688e-03,
9.765819646418094635e-03,
-2.013831213116645813e-02,
2.641564048826694489e-02,
6.990835815668106079e-02,
4.112052544951438904e-02,
6.052754819393157959e-02,
5.418842658400535583e-02,
3.843274712562561035e-02,
-8.021856658160686493e-03,
1.541527104564011097e-03,
4.590739309787750244e-02,
-3.457866609096527100e-02,
-4.880515486001968384e-02,
-3.266535699367523193e-03,
-4.571449756622314453e-02,
-7.737480849027633667e-02,
3.098358586430549622e-02,
3.583496063947677612e-02,
-4.701848607510328293e-03,
7.708351314067840576e-02,
-1.979931071400642395e-02,
3.251845389604568481e-02,
2.479545772075653076e-02,
-1.191531494259834290e-02,
-4.176838323473930359e-02,
5.109117180109024048e-02,
1.959435408934950829e-03,
3.736422583460807800e-02,
-1.183193698525428772e-01,
1.293763052672147751e-02,
1.875797472894191742e-02,
1.847448572516441345e-02,
-3.071014210581779480e-02,
-8.671584539115428925e-03,
2.773921377956867218e-02,
1.930704899132251740e-02,
-5.302116647362709045e-02,
2.474299818277359009e-02,
