9.726379513740539551e-01,
7.680800557136535645e-01,
8.967932462692260742e-01,
7.631224393844604492e-01,
8.168133497238159180e-01,
7.870085835456848145e-01,
8.246139287948608398e-01,
7.665912508964538574e-01,
8.054470419883728027e-01,
8.109113574028015137e-01,
7.592157125473022461e-01,
8.466205000877380371e-01,
7.517818808555603027e-01,
7.648516893386840820e-01,
7.579774856567382812e-01,
7.586916685104370117e-01,
7.644499540328979492e-01,
7.824432849884033203e-01,
7.868257164955139160e-01,
9.432611465454101562e-01,
7.775552868843078613e-01,
7.841150164604187012e-01,
7.904782891273498535e-01,
7.570114135742187500e-01,
8.408259153366088867e-01,
7.786551117897033691e-01,
8.471531867980957031e-01,
7.570835351943969727e-01,
8.160307407379150391e-01,
7.594302892684936523e-01,
7.616002559661865234e-01,
8.142075538635253906e-01,
7.970426082611083984e-01,
7.655764222145080566e-01,
7.561725974082946777e-01,
7.710973620414733887e-01,
7.670729756355285645e-01,
7.689986824989318848e-01,
7.988430857658386230e-01,
7.674489617347717285e-01,
7.688874006271362305e-01,
7.839921116828918457e-01,
7.872536182403564453e-01,
7.690309882164001465e-01,
8.978761434555053711e-01,
8.447198867797851562e-01,
8.618929386138916016e-01,
7.576614022254943848e-01,
